"id" "CALCCENTRE" "weighted" "CENTRE.x" "CENTRE.y" "Sigma.x" "Sigma.y" "Major" "Minor" "Theta" "Eccentricity" "Area.sde" "TanTheta" "SinTheta" "CosTheta" "SinThetaCosTheta" "Sin2Theta" "Cos2Theta" "ThetaCorr" "geom"
"1" 1 TRUE FALSE 529864.223893941 180192.023678409 2664.28951358666 5617.31573145672 "SigmaY" "SigmaX" 70.0968420875981 0.880363603100191 47017563.8502919 2.76199385668757 0.940269365233534 0.340431374587194 0.32009719248868 0.884106479196674 0.115893520803326 70.0968420875981 c(535146.013791074, 535108.971018149, 535064.892968501, 535013.99765502, 534956.56547689, 534892.932779716, 534823.484109616, 534748.643528164, 534668.86538096, 534584.624909847, 534496.409070532, 534404.707868826, 534310.006466445, 534212.778238232, 534113.478893114, 534012.541706396, 533910.373854802, 533807.353800408, 533703.829635899, 533600.118281353, 533496.505410617, 533393.245981902, 533290.565250418, 533188.660149022, 533087.700934156, 532987.833007427, 532889.178836891, 532791.839915522, 
532695.898706977, 532601.420540138, 532508.455423885, 532417.039762065, 532327.197955695, 532238.943885136, 532152.282269563, 532067.209904465, 531983.716780583, 531901.78708947, 531821.400122157, 531742.531068151, 531665.151722377, 531589.231107791, 531514.736021263, 531441.631510083, 531369.88128605, 531299.448083705, 531230.293968744, 531162.38060222, 531095.669465611, 531030.122051371, 530965.700023155, 530902.365349431, 530840.080413855, 530778.808105379, 530718.511890743, 530659.155871694, 
530600.704829018, 530543.124255188, 530486.380377252, 530430.440171357, 530375.271370139, 530320.842464057, 530267.122697607, 530214.082061229, 530161.691279613, 530109.92179702, 530058.745760144, 530008.135998964, 529958.066005998, 529908.509914272, 529859.442474303, 529810.839030347, 529762.675496101, 529714.928330059, 529667.57451064, 529620.591511246, 529573.957275321, 529527.650191515, 529481.649069015, 529435.9331131, 529390.481900959, 529345.275357825, 529300.29373342, 529255.517578764, 529210.927723345, 
529166.505252656, 529122.231486119, 529078.087955392, 529034.056383059, 528990.11866171, 528946.256833402, 528902.453069513, 528858.689650983, 528814.94894894, 528771.213405731, 528727.465516345, 528683.687810256, 528639.862833693, 528595.973132355, 528552.001234594, 528507.929635108, 528463.740779167, 528419.417047433, 528374.940741418, 528330.294069653, 528285.459134647, 528240.41792073, 528195.15228288, 528149.643936668, 528103.874449469, 528057.825233094, 528011.477538052, 527964.812449654, 527917.810886211, 
527870.453599625, 527822.7211787, 527774.594055536, 527726.052515462, 527677.076710956, 527627.646680136, 527577.74237042, 527527.343668063, 527476.43043437, 527424.982549471, 527372.979964664, 527320.402764453, 527267.231239554, 527213.445972274, 527159.02793586, 527103.958609575, 527048.220111469, 526991.79535102, 526934.668204066, 526876.823712661, 526818.248312793, 526758.930093133, 526698.859088267, 526638.027610155, 526576.430621798, 526514.066157363, 526450.935793192, 526387.045174302, 526322.404601032, 
526257.029680455, 526190.942046956, 526124.170156029, 526056.750154621, 525988.726830434, 525920.154641181, 525851.098822932, 525781.63657422, 525711.85830944, 525641.868971115, 525571.789385757, 525501.757642247, 525431.930464762, 525362.484544423, 525293.617784933, 525225.550407828, 525158.525852791, 525092.811398296, 525028.698418303, 524966.502182692, 524906.561103757, 524849.235329623, 524794.904589433, 524743.96520601, 524696.826210853, 524653.904524794, 524615.619205926, 524582.384814021, 
524554.603996167, 524532.659458883, 524516.905553353, 524507.65975746, 524505.194384726, 524509.728880165, 524521.423070635, 524540.371719012, 524566.600685645, 524600.064928888, 524640.648483524, 524688.166449166, 524742.368909449, 524802.94659727, 524869.538030787, 524941.737777066, 525019.105459894, 525101.175116922, 525187.46452733, 525277.484170398, 525370.745531615, 525466.768539498, 525565.087986334, 525665.258853752, 525766.860524888, 525869.499915782, 525972.813598195, 526076.469013877, 
526180.164897357, 526283.631031843, 526386.627462758, 526488.943287489, 526590.395130049, 526690.825396961, 526790.100397191, 526888.108395268, 526984.757653673, 527079.974508532, 527173.701511952, 527265.895665124, 527356.526758501, 527445.575829015, 527533.033739154, 527618.899878762, 527703.180987364, 527785.890092665, 527867.045559302, 527946.670240945, 528024.790728296, 528101.436685269, 528176.640265682, 528250.43560296, 528322.858365679, 528393.945372198, 528463.734258063, 528532.263190364, 
528599.57062371, 528665.695092965, 528730.675038357, 528794.548659, 528857.353791295, 528919.127809042, 528979.907542451, 529039.729213561, 529098.628385859, 529156.63992615, 529213.797976982, 529270.135938099, 529325.686455632, 529380.481417859, 529434.551956544, 529487.928452966, 529540.640547897, 529592.717154863, 529644.186476109, 529695.076020796, 529745.412624995, 529795.222473112, 529844.531120447, 529893.363516606, 529941.744029549, 529989.696470084, 530037.244116639, 530084.409740182, 530131.215629178, 
530177.683614484, 530223.835094111, 530269.691057786, 530315.272111271, 530360.598500391, 530405.690134747, 530450.56661109, 530495.247236335, 530539.75105021, 530584.096847519, 530628.303200036, 530672.388478, 530716.370871233, 530760.268409869, 530804.098984696, 530847.880367109, 530891.630228678, 530935.366160318, 530979.105691065, 531022.866306445, 531066.665466416, 531110.520622882, 531154.449236749, 531198.468794483, 531242.596824166, 531286.850910972, 531331.24871204, 531375.807970666, 531420.546529753, 
531465.48234442, 531510.633493685, 531556.01819109, 531601.654794149, 531647.561812446, 531693.757914211, 531740.261931172, 531787.092861437, 531834.269870134, 531881.812287507, 531929.739604114, 531978.071462719, 532026.827646431, 532076.02806257, 532125.692721676, 532175.841711003, 532226.495161746, 532277.673209172, 532329.395944686, 532381.683358798, 532434.55527376, 532488.031264567, 532542.130566802, 532596.87196965, 532652.27369224, 532708.353241221, 532765.127247295, 532822.611278168, 532880.819625145, 
532939.76506031, 532999.458560989, 533059.908997883, 533121.122783019, 533183.103473405, 533245.851326021, 533309.36279965, 533373.629998886, 533438.640055672, 533504.374443841, 533570.808222391, 533637.909203789, 533705.637044366, 533773.942255059, 533842.765132367, 533912.034611528, 533981.667046727, 534051.564926684, 534121.61553834, 534191.6895967, 534261.63986521, 534331.29979846, 534400.482247358, 534468.978276269, 534536.55615151, 534602.960570917, 534667.912214084, 534731.107701855, 534792.220060442, 
534850.899789192, 534906.776629878, 534959.462128237, 535008.553063546, 535053.635798374, 535094.291567257, 535130.102679995, 535160.659563415, 535185.568507035, 535204.459916445, 535216.996818366, 535222.883308748, 535221.872596425, 535213.774275464, 535198.46046433, 535175.870482105, 535146.013791074, 182104.334194359, 182195.421261936, 182283.599653483, 182368.592980117, 182450.159556856, 182528.095533864, 182602.236886937, 182672.460249746, 182738.682631671, 182800.860118455, 182858.985694608, 
182913.086354542, 182963.219683351, 183009.470089013, 183051.944857628, 183090.770184817, 183126.087312504, 183158.048873697, 183186.815521026, 183212.552889412, 183235.428920711, 183255.611559159, 183273.266811262, 183288.557152349, 183301.640254024, 183312.66800178, 183321.785769496, 183329.131917014, 183334.83747782, 183339.0260058, 183341.813552563, 183343.308749759, 183343.612973843, 183342.820573798, 183341.019145162, 183338.289836425, 183334.707676223, 183330.341911943, 183325.256352171, 183319.509707061, 
183313.155922039, 183306.244501405, 183298.820819334, 183290.926416557, 183282.599281628, 183273.874116167, 183264.782583872, 183255.353543402, 183245.613265438, 183235.58563443, 183225.292335622, 183214.753028065, 183203.985504345, 183193.005837797, 183181.828517986, 183170.466575206, 183158.931694756, 183147.234321705, 183135.383756839, 183123.388244444, 183111.255052535, 183098.990546118, 183086.600254019, 183074.088929783, 183061.460607109, 183048.718650257, 183035.865799813, 183022.904214189, 
183009.835507186, 182996.660781934, 182983.380661481, 182969.995316299, 182956.50448893, 182942.907515996, 182929.203347757, 182915.390565396, 182901.467396194, 182887.431726728, 182873.281114234, 182859.012796235, 182844.623698551, 182830.110441777, 182815.469346309, 182800.696435994, 182785.787440462, 182770.737796201, 182755.542646407, 182740.196839669, 182724.694927504, 182709.03116077, 182693.199484987, 182677.193534558, 182661.006625929, 182644.631749655, 182628.061561397, 182611.288371827, 
182594.30413544, 182577.100438239, 182559.668484293, 182541.999081131, 182524.082623932, 182505.909078509, 182487.467963014, 182468.748328344, 182449.738737206, 182430.427241782, 182410.801359948, 182390.848050004, 182370.553683847, 182349.904018546, 182328.884166245, 182307.478562363, 182285.670932004, 182263.44425456, 182240.780726422, 182217.661721785, 182194.067751491, 182169.978419894, 182145.372379725, 182120.227284965, 182094.51974174, 182068.225257298, 182041.318187127, 182013.77168034, 181985.55762349, 
181956.646583009, 181927.00774657, 181896.608863713, 181865.416186189, 181833.394408564, 181800.50660978, 181766.714196493, 181731.976849196, 181696.25247233, 181659.497149834, 181621.665107844, 181582.708686572, 181542.578323736, 181501.222552355, 181458.58801614, 181414.619506249, 181369.260023753, 181322.450872777, 181274.131789979, 181224.241116759, 181172.716021398, 181119.492779098, 181064.507118723, 181007.694645828, 180948.991352223, 180888.334222915, 180825.66195158, 180760.915775761, 180694.040442551, 
180624.985314529, 180553.705624003, 180480.163880894, 180404.331435848, 180326.190195047, 180245.734476576, 180162.972990014, 180077.930911038, 179990.652011326, 179901.20079123, 179809.664548911, 179716.155305644, 179620.811493807, 179523.799302874, 179425.313571138, 179325.578108528, 179224.845340395, 179123.395175161, 179021.533021024, 178919.586909051, 178817.90372096, 178716.844568062, 178616.779419913, 178518.081133233, 178421.119078698, 178326.252600461, 178233.824566207, 178144.155271146, 
178057.536946086, 177974.229088211, 177894.454786201, 177818.398153161, 177746.202917034, 177677.97215462, 177613.769097393, 177553.618889429, 177497.511142701, 177445.403114078, 177397.223321151, 177352.875418967, 177312.242174452, 177275.189396847, 177241.56970805, 177211.226063791, 177183.994962843, 177159.709305561, 177138.200883908, 177119.302502192, 177102.849741046, 177088.682386833, 177076.645555053, 177066.590540066, 177058.375424842, 177051.86548432, 177046.933414454, 177043.459416788, 
177041.331165628, 177040.443681873, 177040.699134522, 177042.006587888, 177044.281709802, 177047.446453509, 177051.428723721, 177056.16203525, 177061.585170948, 177067.641844175, 177074.280369779, 177081.453346537, 177089.117353135, 177097.232659097, 177105.762951478, 177114.675077733, 177123.938804794, 177133.526594154, 177143.41339253, 177153.576437561, 177163.995077877, 177174.650606827, 177185.526109099, 177196.606319476, 177207.877492932, 177219.327285347, 177230.944644063, 177242.719707622, 
177254.643713976, 177266.708916552, 177278.908507585, 177291.23654813, 177303.687904262, 177316.258188964, 177328.943709259, 177341.74141817, 177354.648871131, 177367.664186498, 177380.786009832, 177394.013481669, 177407.346208504, 177420.784236741, 177434.328029391, 177447.978445314, 177461.736720811, 177475.604453422, 177489.583587748, 177503.676403194, 177517.88550348, 177532.213807838, 177546.664543778, 177561.241241345, 177575.947728789, 177590.788129584, 177605.766860728, 177620.888632287, 
177636.15844813, 177651.581607827, 177667.163709672, 177682.910654824, 177698.828652532, 177714.924226446, 177731.20422201, 177747.675814922, 177764.346520684, 177781.224205245, 177798.317096748, 177815.633798402, 177833.18330251, 177850.975005666, 177869.018725168, 177887.324716668, 177905.903693108, 177924.766844982, 177943.925861966, 177963.392955966, 177983.18088564, 178003.302982436, 178023.773178216, 178044.606034506, 178065.816773438, 178087.421310441, 178109.436288725, 178131.879115619, 178154.768000809, 
178178.121996509, 178201.961039604, 178226.305995784, 178251.178705679, 178276.602032975, 178302.59991449, 178329.197412134, 178356.420766676, 178384.297453169, 178412.856237851, 178442.127236285, 178472.141972411, 178502.93343813, 178534.536152903, 178566.986222759, 178600.321397963, 178634.581128426, 178669.806615749, 178706.040860587, 178743.328703763, 178781.716859249, 178821.253936837, 178861.990451899, 178903.978819237, 178947.273327507, 178991.930090196, 179038.006968478, 179085.563460659, 
179134.66055218, 179185.360519387, 179237.7266795, 179291.823078362, 179347.714106801, 179405.46403566, 179465.136458917, 179526.793633887, 179590.495707271, 179656.299816015, 179724.259052633, 179794.421285977, 179866.827830635, 179941.511961347, 180018.497273222, 180097.795894413, 180179.406565263, 180263.312607, 180349.479813747, 180437.854313823, 180528.360459666, 180620.898819723, 180715.344359357, 180811.544910187, 180909.320036911, 181008.460415803, 181108.72783825, 181209.855944061, 181311.551771723, 
181413.498185537, 181515.357202843, 181616.774199669, 181717.382922563, 181816.811181742, 181914.687050551, 182010.645353473, 182104.334194359)
